0 0.5644420903954803 0.23870056497175138 0.02560028248587578 0.028248587570621483
0 0.7767478813559322 0.17778954802259886 0.02824858757062145 0.026483050847457612
0 0.8760593220338982 0.18926553672316385 0.046786723163841755 0.04943502824858757
0 0.956832627118644 0.1592514124293785 0.06002824858757071 0.05296610169491524
0 0.9652189265536724 0.20074152542372878 0.06620762711864406 0.06532485875706213
0 0.878707627118644 0.2351694915254237 0.05031779661016955 0.05649717514124294
0 0.8765007062146892 0.27489406779661013 0.0564971751412429 0.05120056497175141
0 0.8769420903954803 0.3366878531073446 0.050317796610169434 0.058262711864406805
0 0.8667902542372882 0.40819209039548027 0.04413841807909596 0.08121468926553674
0 0.9519774011299434 0.2960805084745763 0.07326977401129943 0.058262711864406805
0 0.9294668079096045 0.3614053672316384 0.06709039548022606 0.08651129943502826
0 0.8667902542372882 0.4726341807909604 0.04237288135593218 0.030014124293785294
0 0.8765007062146892 0.5441384180790961 0.049435028248587545 0.04237288135593218
0 0.947563559322034 0.5467867231638419 0.06973870056497174 0.0406073446327684
0 0.9157838983050847 0.4973516949152542 0.06797316384180796 0.0476694915254237
0 0.9096045197740114 0.4479166666666667 0.05914548022598869 0.04413841807909602
0 0.902983757062147 0.40819209039548027 0.04943502824858766 0.03531073446327688
0 0.9713983050847458 0.4435028248587571 0.050317796610169434 0.0882768361581921
0 0.5392831920903955 0.34904661016949157 0.030014124293785235 0.02295197740112993
0 0.5441384180790961 0.5141242937853108 0.029131355932203284 0.02824858757062145
0 0.7740995762711864 0.511475988700565 0.04413841807909608 0.04060734463276834
0 0.8036723163841809 0.545021186440678 0.029131355932203343 0.030014124293785353
0 0.6536016949152542 0.5079449152542372 0.037959039548022606 0.04060734463276834
0 0.5626765536723163 0.5803319209039548 0.03442796610169493 0.033545197740112914
0 0.5979872881355932 0.5988700564971752 0.027365819209039445 0.02824858757062145
0 0.5525247175141242 0.644774011299435 0.02824858757062145 0.02471751412429389
0 0.5931320621468926 0.6721398305084746 0.030014124293785235 0.03354519774011303
0 0.6209392655367232 0.5520833333333334 0.036193502824858705 0.030014124293785353
0 0.6694915254237287 0.5635593220338982 0.03972457627118651 0.038841807909604495
0 0.701271186440678 0.5909251412429379 0.030896892655367245 0.03707627118644072
0 0.723340395480226 0.5529661016949153 0.03972457627118639 0.04590395480225986
0 0.7396716101694916 0.5997528248587571 0.03707627118644072 0.0370762711864406
0 0.7868997175141244 0.589159604519774 0.03972457627118651 0.04766949152542376
0 0.7710098870056498 0.5529661016949153 0.030896892655367245 0.024717514124293773
0 0.7612994350282486 0.644774011299435 0.030896892655367245 0.031779661016949255
0 0.767037429378531 0.6818502824858758 0.03177966101694914 0.035310734463276816
0 0.7264300847457626 0.6421257062146892 0.03177966101694914 0.03354519774011303
0 0.6341807909604519 0.5935734463276836 0.029131355932203343 0.035310734463276816
0 0.6650776836158191 0.6006355932203391 0.02560028248587578 0.024717514124293773
0 0.4677789548022599 0.5185381355932204 0.014124293785310726 0.05120056497175144
0 0.47704802259887014 0.454978813559322 0.007944915254237314 0.04060734463276834
0 0.46733757062146897 0.3057909604519774 0.013241525423728836 0.03884180790960456
0 0.4801377118644068 0.3764124293785311 0.010593220338983045 0.035310734463276816
0 0.4620409604519774 0.4276129943502825 0.015007062146892677 0.0494350282485876
