0 0.24514779202279194 0.036502849002848996 0.10572471509971514 0.06944444444444445
0 0.33417913105413094 0.05787037037037037 0.08035078347578348 0.10505698005698007
0 0.2920005341880341 0.16203703703703706 0.1201923076923077 0.11217948717948718
0 0.32538728632478625 0.2737713675213675 0.09882478632478632 0.09348290598290596
0 0.4273864638447972 0.12042548500881835 0.09038800705467373 0.08873456790123457
0 0.4173280423280424 0.22955246913580243 0.08956128747795411 0.0843253968253968
0 0.43083112874779544 0.30616181657848324 0.09066358024691355 0.06999559082892416
0 0.3625786870503597 0.36660671462829736 0.0859937050359712 0.05583033573141485
0 0.37147781774580335 0.42431055155875297 0.06182553956834529 0.043839928057553955
0 0.4301184052757794 0.377847721822542 0.043839928057553955 0.035596522781774574
0 0.5634180155875299 0.3237035371702638 0.07325389688249397 0.05170863309352516
0 0.5895533573141487 0.20098920863309352 0.10941247002398088 0.10379196642685852
0 0.6024805155875299 0.039343525179856106 0.12252697841726613 0.07868705035971221
0 0.7047275641025641 0.13141025641025642 0.10096153846153845 0.15064102564102563
0 0.6170520678553738 0.6820981921743436 0.0412487617632492 0.03683754333828624
0 0.5348641035165923 0.6785382615156017 0.03722449232293202 0.036218424962852915
0 0.47136577513620603 0.6793895492818226 0.03513496780584446 0.032968053491827715
0 0.5627472799208704 0.7940776458951533 0.013986770524233449 0.02812809099901088
0 0.5625927299703264 0.9399727992087041 0.008732072205736803 0.02163699307616215
0 0.529094028189911 0.9167903066271018 0.017773244312561807 0.02009149357072199
0 0.5280894535113749 0.9528004451038575 0.017155044510385645 0.018855093966369908
0 0.5102002967359051 0.9671735905044511 0.017695969337289816 0.029055390702275
0 0.5093116345202771 0.9328635014836795 0.018236894164193867 0.025037091988130554
0 0.5040182987141445 0.9101446587537093 0.017850519287833797 0.017000494559841782
0 0.3830233636977058 0.8125632591093116 0.009278002699055321 0.009488866396761135
