0 0.8703213276836159 0.12747175141242936 0.11475988700564971 0.09533898305084745
0 0.9329978813559322 0.18308615819209037 0.09357344632768362 0.06179378531073449
0 0.9162252824858756 0.288135593220339 0.07591807909604521 0.04590395480225989
0 0.8173552259887006 0.22281073446327682 0.09180790960451972 0.08121468926553674
0 0.7970515536723164 0.2854872881355932 0.09180790960451972 0.06532485875706213
0 0.7767478813559322 0.3472810734463277 0.07238700564971753 0.058262711864406805
0 0.7546786723163841 0.41172316384180796 0.07415254237288131 0.042372881355932236
0 0.7379060734463275 0.45409604519774016 0.06532485875706216 0.04237288135593218
0 0.7290783898305084 0.49735169491525427 0.0564971751412429 0.0406073446327684
0 0.8628177966101696 0.3278601694915254 0.055614406779661014 0.0406073446327684
0 0.9819915254237287 0.33050847457627114 0.03442796610169493 0.0494350282485876
0 0.9599223163841809 0.3834745762711865 0.07856638418079089 0.052966101694915224
0 0.9824329096045197 0.4337923728813559 0.03177966101694914 0.04766949152542376
0 0.9166666666666666 0.45056497175141247 0.08386299435028259 0.049435028248587545
0 0.8478107344632768 0.4055437853107345 0.057379943502824916 0.0406073446327684
0 0.8712040960451977 0.4938206214689266 0.058262711864406805 0.03354519774011303
0 0.801906779661017 0.4620409604519774 0.07150423728813564 0.06532485875706211
0 0.6920021186440678 0.6756709039548023 0.030014124293785353 0.02648305084745767
0 0.7414371468926554 0.6818502824858756 0.03354519774011303 0.03177966101694914
0 0.8063206214689267 0.690677966101695 0.03442796610169493 0.02824858757062145
0 0.6478637005649718 0.18485169491525422 0.019420903954802306 0.019420903954802247
0 0.7401129943502824 0.1786723163841808 0.037959039548022606 0.1659604519774011
0 0.5291313559322034 0.2139830508474576 0.016772598870056398 0.017655367231638408
0 0.5158898305084746 0.3755296610169491 0.015007062146892677 0.01588983050847457
0 0.5185381355932204 0.45409604519774016 0.011475988700564994 0.017655367231638408
0 0.5428142655367232 0.4726341807909604 0.014124293785310726 0.019420903954802247
0 0.5604696327683616 0.3984816384180791 0.02118644067796609 0.019420903954802247
0 0.5251588983050848 0.41525423728813565 0.014124293785310786 0.017655367231638467
0 0.5472281073446328 0.4258474576271187 0.01588983050847451 0.02118644067796609
0 0.5851871468926554 0.4046610169491526 0.01588983050847451 0.02118644067796615
0 0.6046080508474577 0.4205508474576271 0.017655367231638408 0.017655367231638467
0 0.689795197740113 0.2519420903954802 0.023834745762711763 0.14653954802259894
0 0.511475988700565 0.2775423728813559 0.015007062146892618 0.02118644067796609
