0 0.027718926553672297 0.3728813559322034 0.037959039548022606 0.035310734463276816
0 0.05420197740112993 0.5247175141242938 0.03089689265536722 0.03177966101694919
0 0.43290960451977406 0.0321327683615819 0.09269067796610173 0.056497175141242945
0 0.3296257062146893 0.09216101694915252 0.10328389830508478 0.1518361581920904
0 0.3587570621468927 0.19456214689265536 0.09622175141242942 0.10946327683615822
0 0.49558615819209045 0.17514124293785308 0.08033192090395479 0.07768361581920906
0 0.46424788135593226 0.24576271186440676 0.06002824858757059 0.06355932203389833
0 0.6332980225988701 0.22281073446327682 0.08386299435028247 0.07062146892655369
0 0.6222634180790961 0.3049081920903955 0.09004237288135594 0.07944915254237292
0 0.6858227401129943 0.37199858757062143 0.06532485875706216 0.07591807909604516
0 0.6085805084745762 0.400247175141243 0.07680084745762711 0.054731638418079126
0 0.588718220338983 0.4646892655367232 0.054731638418079126 0.04237288135593218
0 0.5030896892655367 0.35257768361581926 0.06179378531073443 0.051200564971751385
0 0.38259180790960456 0.2810734463276836 0.07680084745762711 0.07768361581920911
0 0.4470338983050848 0.3199152542372881 0.05384887005649723 0.05296610169491529
0 0.4077507062146893 0.37199858757062143 0.08121468926553674 0.06532485875706211
0 0.49205508474576276 0.4320268361581921 0.07326977401129943 0.09004237288135594
0 0.41878531073446335 0.4276129943502825 0.07150423728813558 0.06355932203389833
0 0.4390889830508475 0.4849929378531074 0.06620762711864406 0.0476694915254237
0 0.4399717514124294 0.522069209039548 0.04678672316384181 0.03707627118644072
0 0.48852401129943507 0.489406779661017 0.029131355932203343 0.03177966101694914
0 0.6222634180790959 0.7039194915254238 0.03707627118644072 0.0406073446327684
0 0.555614406779661 0.701271186440678 0.032662429378531026 0.035310734463276816
0 0.5017655367231639 0.6995056497175142 0.03266242937853108 0.04237288135593218
0 0.5189795197740114 0.8990112994350282 0.02295197740112993 0.02824858757062145
0 0.5384004237288136 0.9334392655367232 0.01942090395480219 0.02295197740112999
0 0.5706214689265536 0.7948446327683617 0.016772598870056516 0.024717514124293773
0 0.522510593220339 0.9502118644067797 0.019420903954802306 0.035310734463276816
