0 0.35748106060606055 0.543560606060606 0.06344696969696967 0.05871212121212122
0 0.4621527777777778 0.5381944444444444 0.06875 0.06249999999999994
0 0.6072916666666667 0.5347222222222222 0.07430555555555547 0.06388888888888887
0 0.5427989130434782 0.7744565217391304 0.018568840579710037 0.04347826086956511
0 0.5015851449275363 0.9329710144927534 0.02490942028985502 0.027173913043478257
0 0.4692028985507246 0.9257246376811594 0.024456521739130408 0.023550724637681122
0 0.5412137681159419 0.962409420289855 0.013586956521739187 0.029891304347826046
0 0.4755434782608695 0.9560688405797101 0.02264492753623184 0.035326086956521625
0 0.5006793478260869 0.9791666666666666 0.02309782608695651 0.027173913043478257
0 0.47644927536231874 0.9864130434782606 0.020833333333333332 0.021739130434782674
