0 0.524876863684771 0.783047124600639 0.013811235356762512 0.030617678381256633
0 0.46351732866043616 0.9147845275181723 0.01906477154724821 0.01882139148494287
0 0.4904108255451714 0.9220048026998963 0.018983644859813076 0.020930685358255492
0 0.4682632398753894 0.9397715472481828 0.020281671858774667 0.029530114226376015
0 0.4899646287642783 0.9630549065420559 0.019551531671858767 0.02255321910695744
0 0.46964239356178605 0.9783067237798545 0.020443925233644872 0.03488447559709241
0 0.5493191340782123 0.619471601489758 0.04946461824953451 0.044809124767225345
0 0.33063747065727694 0.8100242077464788 0.009352992957746468 0.010636737089201868
0 0.37272593896713613 0.6257152288732395 0.0423635563380282 0.03814553990610333
0 0.448650234741784 0.6195715962441315 0.04511443661971827 0.0427303403755868
0 0.15194109772423026 0.2095883534136546 0.10144745649263721 0.08701472556894242
0 0.201514390896921 0.09914658634538152 0.0742553547523427 0.08785140562248994
0 0.10393657965194111 0.08638721552878179 0.15102074966532797 0.11588018741633199
