0 0.6354412342767295 0.365811713836478 0.06461281446540887 0.07517688679245284
0 0.5586674528301887 0.3967669025157233 0.07272012578616352 0.050609276729559775
0 0.5445007955449483 0.4645236674622116 0.05084029435163095 0.028589896579156716
0 0.3988787788385044 0.5184715592680986 0.04698687350835324 0.033562052505966555
0 0.4451198289578361 0.49124900556881457 0.032816229116945136 0.024363564041368295
0 0.39446599045346065 0.48478520286396176 0.064016507557677 0.03679395385839304
0 0.4394018496420048 0.40833830548926014 0.06289777247414476 0.044998011137629315
0 0.44717084327764517 0.4518446698488464 0.0645137231503579 0.04002585521081941
0 0.44822742641209234 0.3515314240254574 0.060908910103420824 0.04077167859984089
0 0.3702256944444444 0.4283854166666667 0.06915509259259256 0.05410879629629631
0 0.3519965277777778 0.36906828703703703 0.08072916666666667 0.0546875
0 0.3851273148148148 0.31712962962962965 0.05063657407407405 0.054398148148148154
0 0.39887152777777773 0.23668981481481483 0.06018518518518518 0.051504629629629615
0 0.3199508101851852 0.27488425925925924 0.0817418981481481 0.0833333333333333
0 0.28530092592592593 0.1791087962962963 0.10271990740740744 0.11284722222222224
0 0.2499332264957264 0.07278311965811966 0.10327635327635329 0.14289529914529916
0 0.4256687242798353 0.16010802469135801 0.07973251028806588 0.0758744855967078
0 0.34671336206896547 0.0163433908045977 0.08890086206896554 0.0319683908045977
0 0.5705818965517242 0.20779454022988506 0.0779454022988506 0.06573275862068965
0 0.5651939655172414 0.2963362068965517 0.08441091954022989 0.07183908045977011
0 0.4742618865030675 0.7073747443762781 0.030834611451942766 0.028757668711656473
0 0.5283422801635992 0.706256390593047 0.030035787321063444 0.03099437627811869
0 0.5966417433537833 0.7089723926380368 0.03339084867075653 0.02939672801635993
0 0.5557940323565324 0.7999084249084251 0.011923840048840144 0.023275335775335883
0 0.5556032509157508 0.9313568376068377 0.007917429792429804 0.020222832722832724
0 0.5249828296703297 0.9451884920634922 0.015930250305250304 0.017742673992674086
0 0.5254597832722833 0.9109432234432236 0.015930250305250245 0.01755189255189258
0 0.5033768315018315 0.9054105616605618 0.0165979853479854 0.016025641025641
0 0.5073355463980465 0.9252518315018317 0.018219627594627617 0.02556471306471302
0 0.5083848443223443 0.9573031135531136 0.016693376068376096 0.027472527472527493
