0 0.5444240196078431 0.08563112745098043 0.1041666666666666 0.10723039215686274
0 0.5405943627450981 0.21737132352941183 0.10876225490196069 0.11029411764705885
0 0.6321231617647058 0.31541053921568635 0.08042279411764698 0.10416666666666673
0 0.5367647058823529 0.35906862745098045 0.09497549019607839 0.07506127450980392
0 0.5237438725490196 0.44408700980392163 0.06280637254901951 0.052083333333333336
0 0.3988970588235295 0.29549632352941185 0.08272058823529409 0.05821078431372551
0 0.32843137254901966 0.1392463235294118 0.078125 0.09191176470588235
0 0.3514093137254902 0.046568627450980435 0.10876225490196081 0.08425245098039215
0 0.23192401960784317 0.1982230392156863 0.10569852941176473 0.12101715686274508
0 0.3927696078431373 0.3782169117647059 0.078125 0.058210784313725485
0 0.4103860294117647 0.4379595588235295 0.078125 0.03982843137254903
0 0.3192401960784314 0.2518382352941177 0.05974264705882349 0.07199754901960785
0 0.2866881127450981 0.32460171568627455 0.10033700980392159 0.07965686274509806
0 0.31349571078431376 0.40196078431372556 0.08501838235294118 0.078125
0 0.35064338235294124 0.46936274509803927 0.078125 0.0536151960784314
0 0.40655637254901966 0.4770220588235295 0.041360294117647044 0.029105392156862742
0 0.3575367647058824 0.5130208333333334 0.058210784313725485 0.04595588235294106
0 0.45519301470588236 0.7228860294117647 0.035998774509803926 0.03370098039215688
0 0.5141697303921569 0.7221200980392157 0.0390625 0.04748774509803925
0 0.5903799019607843 0.7221200980392157 0.0413602941176471 0.04442401960784312
0 0.18261718749999997 0.07790798611111108 0.12695312500000006 0.13454861111111113
0 0.5507262323943661 0.8116930751173709 0.014304577464788673 0.025674882629107998
0 0.4947916666666667 0.9228286384976526 0.019806338028169 0.016138497652582136
0 0.519549589201878 0.9268632629107981 0.01797241784037554 0.024207746478873204
0 0.5510930164319249 0.9521713615023475 0.00990316901408453 0.022007042253521073
0 0.5175322769953052 0.9635416666666666 0.0154049295774648 0.021273474178403737
0 0.5006602112676056 0.9785798122065728 0.01980633802816906 0.03227699530516427
