0 0.9693150550314464 0.7053360849056604 0.060190644654088035 0.3768671383647799
0 0.7402792744252874 0.4411368534482759 0.03838900862068968 0.045348419540229896
0 0.7172683189655172 0.3621138649425288 0.04849137931034484 0.029184626436781613
0 0.7043918918918919 0.4033408408408408 0.055180180180180116 0.03040540540540538
0 0.6892830330330331 0.45439189189189194 0.050487987987987995 0.027402402402402437
0 0.6692942942942943 0.49343093093093093 0.0352852852852853 0.01689189189189193
0 0.6120495495495496 0.4798235735735736 0.042042042042042024 0.027214714714714698
0 0.6141141141141141 0.4588025525525526 0.038475975975975865 0.03059309309309312
0 0.6314283033033034 0.42342342342342343 0.037819069069069164 0.026651651651651658
0 0.6218093093093093 0.36364489489489493 0.03246996996996998 0.024587087087087116
0 0.6455987237237238 0.3326764264264264 0.038945195195195126 0.027965465465465477
0 0.6323667417417418 0.2598536036036036 0.04908033033033033 0.03322072072072073
0 0.5774002782931354 0.22195810142238717 0.05904066171923326 0.0628092145949289
0 0.56640625 0.2871981534090909 0.04794034090909089 0.051787405303030304
0 0.5668501420454546 0.3329190340909091 0.051491477272727335 0.04616477272727272
0 0.568255800189394 0.3780480587121212 0.04216974431818189 0.037582859848484834
0 0.5668501420454546 0.4286517518939394 0.04646070075757578 0.035807291666666664
0 0.5652965198863636 0.46401515151515155 0.0439453125 0.02781723484848483
0 0.56884765625 0.498046875 0.03950639204545444 0.029000946969697003
0 0.5800189393939393 0.6643584280303031 0.023674242424242327 0.020123106060606116
0 0.6218971631205673 0.6653368794326241 0.02304964539007083 0.021719858156028355
0 0.6715979609929079 0.6694370567375887 0.0227171985815603 0.020611702127659608
0 0.6096018285873813 0.7611843941931883 0.01142867113344496 0.020414572864321558
0 0.6081187185929647 0.8739879955332217 0.007590033500837616 0.017797319932998334
0 0.578979969290899 0.8569758514796203 0.013871440536013442 0.01483109994416528
0 0.5775841010608599 0.8848059743160247 0.012475572305974344 0.014307649357900586
0 0.5634509352317141 0.8957984366275824 0.014394891122278016 0.02198492462311563
0 0.5636254187604691 0.8691024567280848 0.014569374651032993 0.02093802345058625
0 0.5599176437744277 0.8514796203238415 0.012911781127861488 0.01465661641541042
0 0.40728089611029045 0.27111029049729196 0.005693008370260936 0.02154111275233876
0 0.4079947916666667 0.2978125 0.006510416666666667 0.025416666666666702
0 0.4161458333333333 0.3098958333333333 0.00625 0.02020833333333331
0 0.40369791666666666 0.32109375 0.00635416666666669 0.02364583333333338
0 0.4155989583333334 0.3461979166666667 0.005364583333333369 0.018020833333333344
0 0.40346354166666665 0.35786458333333326 0.004322916666666643 0.015312499999999988
0 0.4102864583333333 0.37244791666666666 0.005052083333333357 0.019895833333333356
0 0.46049479166666674 0.40041666666666664 0.012968749999999989 0.012291666666666678
0 0.47104166666666664 0.435625 0.016145833333333335 0.015208333333333357
0 0.489140625 0.44416666666666665 0.01338541666666669 0.012708333333333321
0 0.5001041666666667 0.4192708333333333 0.013333333333333345 0.01395833333333331
0 0.47297551081730765 0.25171524439102566 0.012958233173076887 0.01089242788461539
0 0.4581959432454037 0.31062649880095916 0.015612509992006392 0.011241007194244606
0 0.5220198840927258 0.4250349720223821 0.008368305355715458 0.013239408473221382
0 0.5228317346123101 0.44414468425259795 0.009242605915267769 0.011990407673860896
0 0.4861111111111111 0.48694444444444446 0.012222222222222238 0.013888888888888869
0 0.46520833333333333 0.4727777777777778 0.01236111111111112 0.012222222222222238
