0 0.39274364406779666 0.05067090395480225 0.09887005649717515 0.10063559322033898
0 0.48852401129943507 0.09304378531073444 0.08209745762711869 0.08298022598870054
0 0.5375176553672316 0.22899011299435026 0.07062146892655358 0.06179378531073449
0 0.3984816384180791 0.15660310734463276 0.08562853107344637 0.11122881355932203
0 0.4143714689265537 0.243114406779661 0.08386299435028247 0.09004237288135597
0 0.43114406779661013 0.3172669491525424 0.0679731638418079 0.06885593220338986
0 0.5061793785310734 0.2890183615819209 0.05561440677966096 0.05120056497175141
0 0.48675847457627114 0.35257768361581926 0.04325564971751413 0.0476694915254237
0 0.4470338983050848 0.39406779661016955 0.06973870056497174 0.060028248587570644
0 0.45188912429378536 0.4435028248587571 0.06355932203389833 0.0564971751412429
0 0.533545197740113 0.3808262711864407 0.059145480225988575 0.04060734463276834
0 0.5189795197740114 0.4496822033898305 0.06532485875706205 0.07944915254237289
0 0.4677789548022599 0.4929378531073446 0.0564971751412429 0.03884180790960456
0 0.46733757062146897 0.5282485875706214 0.04502118644067797 0.03884180790960456
0 0.655367231638418 0.2704802259887006 0.07680084745762711 0.056497175141242965
0 0.6425670903954802 0.3402189265536723 0.08298022598870057 0.06532485875706216
0 0.6280014124293786 0.4231991525423729 0.07150423728813564 0.05120056497175144
0 0.6054908192090395 0.4788135593220339 0.052966101694915224 0.035310734463276816
0 0.6972987288135593 0.40112994350282494 0.0564971751412429 0.07415254237288137
0 0.6293255649717513 0.7030367231638419 0.03707627118644072 0.035310734463276816
0 0.5679731638418078 0.6977401129943505 0.037959039548022606 0.038841807909604495
0 0.5158898305084746 0.6968573446327684 0.032662429378531144 0.02648305084745767
0 0.3318326271186441 0.23693502824858753 0.012358757062146886 0.0247175141242938
0 0.3472810734463277 0.2819562146892655 0.015007062146892677 0.030014124293785294
0 0.3477224576271187 0.3260946327683616 0.010593220338983045 0.02295197740112999
0 0.3353637005649717 0.3516949152542373 0.017655367231638467 0.02824858757062145
0 0.3274187853107345 0.29608050847457623 0.015889830508474628 0.02295197740112993
0 0.5247175141242938 0.8954802259887006 0.0185381355932203 0.024717514124293773
0 0.5428142655367232 0.9299081920903957 0.015889830508474628 0.02295197740112999
0 0.5278072033898306 0.9449152542372882 0.017655367231638408 0.028248587570621573
0 0.5750353107344632 0.7930790960451977 0.015007062146892618 0.024717514124293773
