0 0.19195661512027493 0.05047250859106529 0.14873281786941578 0.10094501718213059
0 0.5965420962199313 0.07893041237113403 0.15463917525773188 0.14067869415807563
0 0.5586939102564102 0.2612179487179487 0.09575320512820511 0.0705128205128205
0 0.6208067092651758 0.7066693290734825 0.0465921192758253 0.0429313099041534
0 0.3572303921568628 0.116421568627451 0.12806372549019607 0.13112745098039216
0 0.3812806372549019 0.23345588235294118 0.1222426470588235 0.10416666666666667
0 0.3850224103585657 0.3315073041168659 0.05913844621513948 0.0547808764940239
0 0.2996347941567065 0.3176045816733068 0.11578685258964141 0.08092629482071718
0 0.31810258964143423 0.3960408366533865 0.0805112881806109 0.060175962815405035
0 0.23958333333333334 0.18549679487179485 0.1362179487179487 0.1498397435897436
0 0.5262156644394952 0.7026030066815144 0.04257145508537488 0.039671492204899766
0 0.45331059762435044 0.7021390126206384 0.039671492204899766 0.03549554565701551
0 0.5584608843537414 0.8136209029066173 0.015750618429189938 0.028602350030921524
0 0.5580260513296228 0.9705473098330243 0.009083178726035849 0.02280457637600494
0 0.496484375 0.93546875 0.018072916666666692 0.019479166666666596
0 0.5019270833333334 0.965 0.019374999999999965 0.03770833333333338
0 0.5216666666666667 0.9831770833333333 0.019375000000000024 0.0203125
0 0.5225520833333334 0.94484375 0.019166666666666703 0.024062500000000025
0 0.5021614583333334 0.9905729166666667 0.01984375000000001 0.017604166666666643
0 0.36755952380952384 0.832760989010989 0.009386446886446898 0.010073260073260096
