0 0.6257944915254238 0.18132062146892652 0.07591807909604521 0.07591807909604521
0 0.6862641242937852 0.22545903954802257 0.06267655367231638 0.05120056497175144
0 0.6068149717514124 0.2537076271186441 0.06620762711864406 0.06532485875706216
0 0.7718926553672316 0.3428672316384181 0.055614406779661014 0.035310734463276816
0 0.6990642655367232 0.3084392655367232 0.0564971751412429 0.03707627118644072
0 0.7599752824858756 0.3878884180790961 0.06179378531073449 0.04413841807909602
0 0.6659604519774012 0.34375 0.03972457627118651 0.030014124293785294
0 0.6059322033898304 0.31108757062146897 0.06444209039548016 0.056497175141242965
0 0.6032838983050847 0.3622881355932204 0.055614406779661014 0.049435028248587545
0 0.6010769774011299 0.41525423728813565 0.06002824858757059 0.042372881355932236
0 0.5953389830508475 0.45674435028248594 0.05384887005649723 0.04060734463276834
0 0.5948975988700566 0.5052966101694916 0.054731638418079126 0.056497175141242965
0 0.6712570621468926 0.4134887005649717 0.05031779661016955 0.03177966101694919
0 0.6513947740112994 0.4620409604519774 0.05120056497175132 0.06179378531073443
0 0.7361405367231638 0.444385593220339 0.058262711864406805 0.037076271186440656
0 0.7105402542372882 0.4876412429378531 0.04590395480225998 0.02824858757062145
0 0.7891066384180792 0.43114406779661013 0.038841807909604495 0.056497175141242965
0 0.6024011299435029 0.6694915254237289 0.032662429378531144 0.03177966101694914
0 0.644332627118644 0.668608757062147 0.02824858757062145 0.02295197740112987
0 0.6990642655367232 0.6756709039548023 0.03354519774011303 0.03354519774011303
0 0.5719456214689266 0.857521186440678 0.017655367231638526 0.01942090395480219
0 0.577242231638418 0.9034251412429379 0.017655367231638408 0.026483050847457553
0 0.589600988700565 0.8901836158192091 0.017655367231638408 0.02118644067796609
0 0.4788135593220339 0.23605225988700562 0.013241525423728836 0.02295197740112993
0 0.4823446327683616 0.28019067796610175 0.013241525423728777 0.019420903954802247
0 0.46910310734463284 0.3878884180790961 0.013241525423728836 0.012358757062146886
0 0.47925494350282494 0.42849576271186446 0.014124293785310786 0.019420903954802247
0 0.47219279661016955 0.4638064971751413 0.01588983050847457 0.019420903954802247
0 0.4942620056497175 0.4805790960451978 0.01588983050847457 0.02118644067796609
0 0.49735169491525427 0.4399717514124294 0.011475988700564935 0.02118644067796609
0 0.511475988700565 0.4073093220338983 0.016772598870056516 0.015889830508474628
